Diving-Side-005
Diving-Side-006
Diving-Side-007
Diving-Side-008
Diving-Side-009
Diving-Side-010
Diving-Side-011
Diving-Side-012
Diving-Side-013
Diving-Side-014
Golf-Swing-Front-002
Golf-Swing-Front-003
Golf-Swing-Front-004
Golf-Swing-Front-005
Golf-Swing-Front-006
Golf-Swing-Front-007
Golf-Swing-Front-008
Golf-Swing-Side-001
Golf-Swing-Side-002
Golf-Swing-Side-003
Golf-Swing-Side-004
Golf-Swing-Side-005
Kicking-Front-007
Kicking-Front-008
Kicking-Front-009
Kicking-Front-010
Kicking-Side-001
Kicking-Side-002
Kicking-Side-003
Kicking-Side-004
Kicking-Side-005
Kicking-Side-006
Kicking-Side-007
Kicking-Side-008
Kicking-Side-009
Kicking-Side-010
Lifting-003
Lifting-004
Lifting-005
Lifting-006
Riding-Horse-005
Riding-Horse-006
Riding-Horse-007
Riding-Horse-008
Riding-Horse-009
Riding-Horse-010
Riding-Horse-011
Riding-Horse-012
Run-Side-005
Run-Side-006
Run-Side-007
Run-Side-008
Run-Side-009
Run-Side-010
Run-Side-011
Run-Side-012
Run-Side-013
SkateBoarding-Front-005
SkateBoarding-Front-006
SkateBoarding-Front-007
SkateBoarding-Front-008
SkateBoarding-Front-009
SkateBoarding-Front-010
SkateBoarding-Front-011
SkateBoarding-Front-012
Swing-Bench-007
Swing-Bench-008
Swing-Bench-009
Swing-Bench-010
Swing-Bench-011
Swing-Bench-012
Swing-Bench-013
Swing-Bench-014
Swing-Bench-015
Swing-Bench-016
Swing-Bench-017
Swing-Bench-018
Swing-Bench-019
Swing-Bench-020
Swing-SideAngle-005
Swing-SideAngle-006
Swing-SideAngle-007
Swing-SideAngle-008
Swing-SideAngle-009
Swing-SideAngle-011
Swing-SideAngle-012
Swing-SideAngle-013
Walk-Front-008
Walk-Front-009
Walk-Front-010
Walk-Front-011
Walk-Front-012
Walk-Front-013
Walk-Front-014
Walk-Front-015
Walk-Front-016
Walk-Front-017
Walk-Front-018
Walk-Front-019
Walk-Front-020
Walk-Front-021
Walk-Front-022
0178
0179
0180
0181
0182
0183
0184
0185
0186
0187
0188
0189
0190
0191
0192
0193
0194
0195
0196
0197
0198
0199
0200
0201
0202
0203
0204
0205
0206
0207
0208
0209
0210
0211
0212
0213
0214
0215
0216
0217
0218
0219
0220
0221
0222
0223
0224
0225
0226
0227
0228
0229
0230
0231
0232
0233
0234
0235
0236
0237
0238
0239
0240
0241
0242
0243
0244
0245
0246
0247
0248
0249
0250
0251
0252
0253
0254
0255
0256
0257
0258
0259
0260
0261
0262
0263
0264
0265
0266
0267
0268
0269
0270
0271
0272
0273
0274
0275
0276
0277
0278
0279
0280
0281
0282
0283
0284
0285
0286
0287
0288
0289
0290
0291
0292
0293
0294
0295
0296
0297
0298
0299
0300
0301
0302
0303
0304
0305
0306
0307
0308
0309
0310
0311
0312
0313
0314
0315
0316
0317
0318
0319
0320
0321
0322
0323
0324
0325
0326
0327
0328
0329
0330
0331
0332
0333
0334
0335
0336
0337
0338
0339
0340
0341
0342
0343
0344
0345
0346
0347
0348
0349
0350
0351
0352
0353
0354
0355
0356
0357
0358
0359
0360
0361
0362
0363
0364
0365
0366
0367
0368
0369
0370
0371
0372
0373
0374
0375
0376
0377
0378
0379
0380
0381
0382
0383
0384
0385
0386
0387
0388
0389
0390
0391
0392
0393
0394
0395
0396
0397
0398
0399
0400
0401
0402
0403
0404
0405
0406
0407
0408
0409
0410
0411
0412
0413
0414
0415
0416
0417
0418
0419
0420
0421
0422
0423
0424
0425
0426
0427
0428
0429
0430
0431
0432
0433
0434
0435
0436
0437
0438
0439
0440
0441
0442
0443
0444
0445
0446
0447
0448
0449
0450
0451
0452
0453
0454
0455
0456
0457
0458
0459
0460
0461
0462
0463
0464
0465
0466
0467
0468
0469
0470
0471
0472
0473
0474
0475
0476
0477
0478
0479
0480
0481
0482
0483
0484
0485
0486
0487
0488
0489
0490
0491
0492
0493
0494
0495
0496
0497
0498
0499
0500
0501
0502
0503
0504
0505
0506
0507
0508
0509
0510
0511
0512
0513
0514
0515
0516
0517
0518
0519
0520
0521
0522
0523
0524
0525
0526
0527
0528
0529
0530
0531
0532
0533
0534
0535
0536
0537
0538
0539
0540
0541
0542
0543
0544
0545
0546
0547
0548
0549
0550
0551
0552
0553
0554
0555
0556
0557
0558
0559
0560
0561
0562
0563
0564
0565
0566
0567
0568
0569
0570
0571
0572
0573
0574
0575
0576
0577
0578
0579
0580
0581
0582
0583
0584
0585
0586
0587
0588
0589
0590
0591
0592
0593
0594
0595
0596
0597
0598
0599
0600
0601
0602
0603
0604
0605
0606
0607
0608
0609
0610
0611
0612
0613
0614
0615
0616
0617
0618
0619
0620
0621
0622
0623
0624
0625
0626
0627
0628
0629
0630
0631
0632
0633
0634
0635
0636
0637
0638
0639
0640
0641
0642
0643
0644
0645
0646
0647
0648
0649
0650
0651
0652
0653
0654
0655
0656
0657
0658
0659
0660
0661
0662
0663
0664
0665
0666
0667
0668
0669
0670
0671
0672
0673
0674
0675
0676
0677
0678
0679
0680
0681
0682
0683
0684
0685
0686
0687
0688
0689
0690
0691
0692
0693
0694
0695
0696
0697
0698
0699
0700
